<?xml version="1.0"?>
<opencv_storage>
<classifications type_id="opencv-matrix">
  <rows>53</rows>
  <cols>1</cols>
  <dt>i</dt>
  <data>
    1 0 1 1 1 2 1 3 1 4 1 5 1 6 1 7 1 8 1 9 1 2 0 2 1 2 2 2 3 2 4 2 5 2
    6 2 7 2 8 2 9 2 3 0 3 1 3 4 5 6 7 8 9</data></classifications>
</opencv_storage>
