<?xml version="1.0"?>
<opencv_storage>
<perimeter0>"1:626.227"</perimeter0>
<perimeter1>"0:318.246"</perimeter1>
<perimeter2>"1:647.358"</perimeter2>
<perimeter3>"1:603.842"</perimeter3>
<perimeter4>"1:624.742"</perimeter4>
<perimeter5>"2:450.033"</perimeter5>
<perimeter6>"1:627.507"</perimeter6>
<perimeter7>"3:483.189"</perimeter7>
<perimeter8>"1:624.613"</perimeter8>
<perimeter9>"4:299.108"</perimeter9>
<perimeter10>"1:625.731"</perimeter10>
<perimeter11>"5:466.206"</perimeter11>
<perimeter12>"1:647.817"</perimeter12>
<perimeter13>"6:404.5"</perimeter13>
<perimeter14>"1:650.166"</perimeter14>
<perimeter15>"7:358.743"</perimeter15>
<perimeter16>"1:647.81"</perimeter16>
<perimeter17>"8:334.089"</perimeter17>
<perimeter18>"1:642.751"</perimeter18>
<perimeter19>"9:397.888"</perimeter19>
<perimeter20>"1:490.998"</perimeter20>
<perimeter21>"2:506.02"</perimeter21>
<perimeter22>"0:363.186"</perimeter22>
<perimeter23>"2:465.651"</perimeter23>
<perimeter24>"1:646.293"</perimeter24>
<perimeter25>"2:515.682"</perimeter25>
<perimeter26>"2:505.184"</perimeter26>
<perimeter27>"2:497.43"</perimeter27>
<perimeter28>"3:551.228"</perimeter28>
<perimeter29>"2:519.687"</perimeter29>
<perimeter30>"4:372.869"</perimeter30>
<perimeter31>"2:508.239"</perimeter31>
<perimeter32>"5:534.834"</perimeter32>
<perimeter33>"2:519.853"</perimeter33>
<perimeter34>"6:467.455"</perimeter34>
<perimeter35>"2:503.144"</perimeter35>
<perimeter36>"7:403.929"</perimeter36>
<perimeter37>"2:489.863"</perimeter37>
<perimeter38>"8:378.023"</perimeter38>
<perimeter39>"2:501.505"</perimeter39>
<perimeter40>"9:474.523"</perimeter40>
<perimeter41>"2:373.62"</perimeter41>
<perimeter42>"3:572.444"</perimeter42>
<perimeter43>"0:378.575"</perimeter43>
<perimeter44>"3:556.224"</perimeter44>
<perimeter45>"1:745.973"</perimeter45>
<perimeter46>"3:411.482"</perimeter46>
<perimeter47>"4:250.476"</perimeter47>
<perimeter48>"5:396.819"</perimeter48>
<perimeter49>"6:348.913"</perimeter49>
<perimeter50>"7:291.729"</perimeter50>
<perimeter51>"8:274.24"</perimeter51>
<perimeter52>"9:340.861"</perimeter52>
</opencv_storage>
