<?xml version="1.0"?>
<opencv_storage>
<perimeter0>"1:429.847"</perimeter0>
<perimeter1>"2:301.478"</perimeter1>
<perimeter2>"3:291.757"</perimeter2>
<perimeter3>"4:213.125"</perimeter3>
<perimeter4>"5:326.241"</perimeter4>
<perimeter5>"6:257.872"</perimeter5>
<perimeter6>"7:257.045"</perimeter6>
<perimeter7>"8:199.29"</perimeter7>
<perimeter8>"9:260.038"</perimeter8>
<perimeter9>"1:461.446"</perimeter9>
<perimeter10>"0:202.445"</perimeter10>
<perimeter11>"1:422.461"</perimeter11>
<perimeter12>"1:439.812"</perimeter12>
<perimeter13>"1:465.576"</perimeter13>
<perimeter14>"2:310.185"</perimeter14>
<perimeter15>"1:475.955"</perimeter15>
<perimeter16>"3:289.337"</perimeter16>
<perimeter17>"1:506.127"</perimeter17>
<perimeter18>"4:220.246"</perimeter18>
<perimeter19>"1:457.982"</perimeter19>
<perimeter20>"5:331.38"</perimeter20>
<perimeter21>"1:485.787"</perimeter21>
<perimeter22>"6:255.531"</perimeter22>
<perimeter23>"1:484.86"</perimeter23>
<perimeter24>"7:252.504"</perimeter24>
<perimeter25>"1:459.067"</perimeter25>
<perimeter26>"8:203.627"</perimeter26>
<perimeter27>"1:435.697"</perimeter27>
<perimeter28>"9:249.739"</perimeter28>
<perimeter29>"2:308.068"</perimeter29>
<perimeter30>"0:200.509"</perimeter30>
<perimeter31>"2:300.062"</perimeter31>
<perimeter32>"1:469.037"</perimeter32>
<perimeter33>"2:303.879"</perimeter33>
<perimeter34>"2:297.409"</perimeter34>
<perimeter35>"2:298.926"</perimeter35>
<perimeter36>"3:292.48"</perimeter36>
<perimeter37>"2:306.046"</perimeter37>
<perimeter38>"4:218.906"</perimeter38>
<perimeter39>"2:306.271"</perimeter39>
<perimeter40>"5:322.05"</perimeter40>
<perimeter41>"2:296.73"</perimeter41>
<perimeter42>"6:256.592"</perimeter42>
<perimeter43>"2:295.437"</perimeter43>
<perimeter44>"7:250.44"</perimeter44>
<perimeter45>"2:300.245"</perimeter45>
<perimeter46>"8:205.199"</perimeter46>
<perimeter47>"2:298.857"</perimeter47>
<perimeter48>"9:257.602"</perimeter48>
<perimeter49>"3:284.364"</perimeter49>
<perimeter50>"0:203.707"</perimeter50>
<perimeter51>"3:282.4"</perimeter51>
<perimeter52>"1:419.106"</perimeter52>
</opencv_storage>
