<?xml version="1.0"?>
<opencv_storage>
<perimeter0>"1:455.517"</perimeter0>
<perimeter1>"2:301.657"</perimeter1>
<perimeter2>"3:295.664"</perimeter2>
<perimeter3>"4:209.298"</perimeter3>
<perimeter4>"5:334.385"</perimeter4>
<perimeter5>"6:262.059"</perimeter5>
<perimeter6>"7:263.657"</perimeter6>
<perimeter7>"8:203.437"</perimeter7>
<perimeter8>"9:264.931"</perimeter8>
<perimeter9>"1:493.138"</perimeter9>
<perimeter10>"0:204.35"</perimeter10>
<perimeter11>"1:465.104"</perimeter11>
<perimeter12>"1:462.902"</perimeter12>
<perimeter13>"1:505.623"</perimeter13>
<perimeter14>"2:306.874"</perimeter14>
<perimeter15>"1:476.962"</perimeter15>
<perimeter16>"3:286.857"</perimeter16>
<perimeter17>"1:510.467"</perimeter17>
<perimeter18>"4:228.866"</perimeter18>
<perimeter19>"1:502.027"</perimeter19>
<perimeter20>"5:330.347"</perimeter20>
<perimeter21>"1:509.005"</perimeter21>
<perimeter22>"6:258.14"</perimeter22>
<perimeter23>"1:476.452"</perimeter23>
<perimeter24>"7:253.028"</perimeter24>
<perimeter25>"1:473.113"</perimeter25>
<perimeter26>"8:230.414"</perimeter26>
<perimeter27>"1:475.599"</perimeter27>
<perimeter28>"9:255.913"</perimeter28>
<perimeter29>"2:306.365"</perimeter29>
<perimeter30>"0:204.604"</perimeter30>
<perimeter31>"2:305.114"</perimeter31>
<perimeter32>"1:489.592"</perimeter32>
<perimeter33>"2:304.028"</perimeter33>
<perimeter34>"2:303.489"</perimeter34>
<perimeter35>"2:302.735"</perimeter35>
<perimeter36>"3:290.747"</perimeter36>
<perimeter37>"2:305.253"</perimeter37>
<perimeter38>"4:220.061"</perimeter38>
<perimeter39>"2:306.724"</perimeter39>
<perimeter40>"5:329.327"</perimeter40>
<perimeter41>"2:296.689"</perimeter41>
<perimeter42>"6:256.506"</perimeter42>
<perimeter43>"2:298.447"</perimeter43>
<perimeter44>"7:262.488"</perimeter44>
<perimeter45>"2:298.263"</perimeter45>
<perimeter46>"8:209.626"</perimeter46>
<perimeter47>"2:297.718"</perimeter47>
<perimeter48>"9:261.046"</perimeter48>
<perimeter49>"3:289.766"</perimeter49>
<perimeter50>"0:205.491"</perimeter50>
<perimeter51>"3:284.504"</perimeter51>
<perimeter52>"1:438.797"</perimeter52>
</opencv_storage>
